_________________________________________________________
    n    |         u(n)          |          sum
        1|               -5.11141|               -5.05689
        2|                380.313|                375.256
        3|               -23109.3|                 -22734
        4|            1.18173e+06|            1.15899e+06
        5|           -5.20792e+07|           -5.09203e+07
        6|            2.01497e+09|            1.96405e+09
        7|           -6.94498e+10|           -6.74858e+10
        8|            2.15762e+12|            2.09013e+12
        9|            -6.1004e+13|           -5.89139e+13
       10|            1.58237e+15|            1.52345e+15
       11|           -3.79109e+16|           -3.63874e+16
       12|            8.43814e+17|            8.07426e+17
       13|           -1.75362e+19|           -1.67287e+19
       14|            3.41766e+20|            3.25038e+20
       15|           -6.27057e+21|           -5.94554e+21
       16|            1.08681e+23|            1.02736e+23
       17|           -1.78483e+24|            -1.6821e+24
       18|            2.78504e+25|            2.61683e+25
       19|           -4.13935e+26|           -3.87767e+26
       20|            5.87325e+27|            5.48548e+27
       21|            -7.9719e+28|           -7.42335e+28
       22|            1.03705e+30|            9.62814e+29
       23|           -1.29521e+31|           -1.19893e+31
       24|            1.55552e+32|            1.43563e+32
       25|           -1.79906e+33|            -1.6555e+33
       26|            2.00653e+34|            1.84098e+34
       27|           -2.16085e+35|           -1.97676e+35
       28|            2.24957e+36|             2.0519e+36
       29|           -2.26648e+37|           -2.06129e+37
       30|            2.21222e+38|            2.00609e+38
       31|            -2.0939e+39|           -1.89329e+39
       32|            1.92367e+40|            1.73434e+40
       33|           -1.71683e+41|            -1.5434e+41
       34|             1.4897e+42|            1.33537e+42
       35|           -1.25772e+43|           -1.12418e+43
       36|            1.03393e+44|            9.21517e+43
       37|            -8.2819e+44|           -7.36038e+44
       38|            6.46814e+45|             5.7321e+45
       39|           -4.92846e+46|           -4.35525e+46
       40|            3.66593e+47|            3.23041e+47
       41|           -2.66345e+48|           -2.34041e+48
       42|            1.89115e+49|            1.65711e+49
       43|           -1.31296e+50|           -1.14725e+50
       44|             8.9174e+50|            7.77015e+50
       45|           -5.92773e+51|           -5.15072e+51
       46|            3.85834e+52|            3.34327e+52
       47|           -2.46015e+53|           -2.12582e+53
       48|            1.53727e+54|            1.32469e+54
       49|           -9.41771e+54|           -8.09302e+54
       50|             5.6586e+55|             4.8493e+55
       51|           -3.33583e+56|            -2.8509e+56
       52|            1.93012e+57|            1.64503e+57
       53|           -1.09647e+58|           -9.31968e+57
       54|             6.1177e+58|            5.18573e+58
       55|           -3.35347e+59|            -2.8349e+59
       56|            1.80655e+60|            1.52306e+60
       57|           -9.56719e+60|           -8.04413e+60
       58|             4.9822e+61|            4.17779e+61
       59|             -2.552e+62|           -2.13423e+62
       60|            1.28612e+63|             1.0727e+63
       61|           -6.37875e+63|           -5.30605e+63
       62|            3.11423e+64|            2.58363e+64
       63|           -1.49705e+65|           -1.23868e+65
       64|            7.08745e+65|            5.84877e+65
       65|           -3.30534e+66|           -2.72046e+66
       66|            1.51883e+67|            1.24678e+67
       67|           -6.87802e+67|           -5.63124e+67
       68|            3.07022e+68|             2.5071e+68
       69|           -1.35119e+69|           -1.10048e+69
       70|            5.86398e+69|             4.7635e+69
       71|           -2.51003e+70|           -2.03368e+70
       72|            1.05988e+71|            8.56511e+70
       73|           -4.41576e+71|           -3.55925e+71
       74|            1.81553e+72|             1.4596e+72
       75|           -7.36759e+72|           -5.90798e+72
       76|            2.95151e+73|            2.36071e+73
       77|           -1.16743e+74|           -9.31361e+73
       78|            4.55992e+74|            3.62856e+74
       79|           -1.75909e+75|           -1.39624e+75
       80|            6.70335e+75|            5.30711e+75
       81|           -2.52366e+76|           -1.99295e+76
       82|            9.38796e+76|              7.395e+76
       83|           -3.45121e+77|           -2.71171e+77
       84|            1.25399e+78|            9.82817e+77
       85|           -4.50396e+78|           -3.52115e+78
       86|            1.59931e+79|             1.2472e+79
       87|           -5.61521e+79|           -4.36801e+79
       88|             1.9496e+80|             1.5128e+80
       89|           -6.69465e+80|           -5.18185e+80
       90|            2.27386e+81|            1.75568e+81
       91|           -7.64022e+81|           -5.88454e+81
       92|            2.53982e+82|            1.95137e+82
       93|            -8.3542e+82|           -6.40283e+82
       94|            2.71932e+83|            2.07903e+83
       95|           -8.76021e+83|           -6.68118e+83
       96|            2.79329e+84|            2.12517e+84
       97|           -8.81674e+84|           -6.69157e+84
       98|            2.75509e+85|            2.08593e+85
       99|           -8.52399e+85|           -6.43806e+85
      100|            2.61139e+86|            1.96758e+86
      101|           -7.92252e+86|           -5.95494e+86
      102|            2.38045e+87|            1.78496e+87
      103|           -7.08436e+87|            -5.2994e+87
      104|            2.08846e+88|            1.55852e+88
      105|           -6.09919e+88|           -4.54068e+88
      106|            1.76474e+89|            1.31067e+89
      107|           -5.05923e+89|           -3.74856e+89
      108|            1.43722e+90|            1.06237e+90
      109|           -4.04607e+90|            -2.9837e+90
      110|            1.12888e+91|            8.30509e+90
      111|           -3.12178e+91|           -2.29127e+91
      112|            8.55717e+91|             6.2659e+91
      113|           -2.32523e+92|           -1.69864e+92
      114|            6.26385e+92|            4.56521e+92
      115|           -1.67297e+93|           -1.21645e+93
      116|            4.43038e+93|            3.21393e+93
      117|            -1.1634e+94|           -8.42007e+93
      118|            3.02958e+94|            2.18757e+94
      119|           -7.82406e+94|           -5.63649e+94
      120|            2.00405e+95|             1.4404e+95
      121|           -5.09141e+95|           -3.65101e+95
      122|            1.28307e+96|            9.17974e+95
      123|           -3.20758e+96|           -2.28961e+96
      124|            7.95506e+96|            5.66545e+96
      125|           -1.95738e+97|           -1.39084e+97
      126|            4.77862e+97|            3.38778e+97
      127|           -1.15758e+98|           -8.18799e+97
      128|            2.78255e+98|            1.96376e+98
      129|           -6.63758e+98|           -4.67382e+98
      130|            1.57135e+99|            1.10397e+99
      131|           -3.69198e+99|           -2.58801e+99
      132|            8.60978e+99|            6.02177e+99
      133|          -1.99295e+100|          -1.39077e+100
      134|           4.57926e+100|           3.18849e+100
      135|          -1.04451e+101|          -7.25663e+100
      136|           2.36523e+101|           1.63956e+101
      137|          -5.31737e+101|           -3.6778e+101
      138|           1.18688e+102|           8.19101e+101
      139|          -2.63043e+102|          -1.81133e+102
      140|           5.78866e+102|           3.97733e+102
      141|          -1.26497e+103|           -8.6724e+102
      142|            2.7451e+103|           1.87786e+103
      143|          -5.91602e+103|          -4.03816e+103
      144|           1.26624e+104|           8.62426e+103
      145|          -2.69178e+104|          -1.82935e+104
      146|           5.68352e+104|           3.85417e+104
      147|          -1.19199e+105|           -8.0657e+104
      148|           2.48325e+105|           1.67668e+105
      149|          -5.13906e+105|          -3.46238e+105
      150|           1.05653e+106|           7.10289e+105
      151|          -2.15789e+106|           -1.4476e+106
      152|           4.37875e+106|           2.93114e+106
      153|          -8.82794e+106|          -5.89679e+106
      154|           1.76838e+107|            1.1787e+107
      155|          -3.51979e+107|          -2.34109e+107
      156|           6.96147e+107|           4.62038e+107
      157|          -1.36819e+108|          -9.06149e+107
      158|           2.67219e+108|           1.76604e+108
      159|           -5.1866e+108|          -3.42056e+108
      160|           1.00048e+109|           6.58426e+108
      161|          -1.91807e+109|          -1.25964e+109
      162|           3.65478e+109|           2.39514e+109
      163|          -6.92181e+109|          -4.52666e+109
      164|           1.30303e+110|           8.50361e+109
      165|          -2.43826e+110|          -1.58789e+110
      166|           4.53536e+110|           2.94747e+110
      167|          -8.38625e+110|          -5.43878e+110
      168|           1.54156e+111|           9.97685e+110
      169|          -2.81714e+111|          -1.81945e+111
      170|           5.11825e+111|            3.2988e+111
      171|          -9.24525e+111|          -5.94644e+111
      172|            1.6604e+112|           1.06575e+112
      173|          -2.96495e+112|          -1.89919e+112
      174|           5.26438e+112|           3.36519e+112
      175|           -9.2943e+112|          -5.92912e+112
      176|            1.6317e+113|           1.03879e+113
      177|          -2.84859e+113|           -1.8098e+113
      178|           4.94539e+113|           3.13559e+113
      179|          -8.53819e+113|           -5.4026e+113
      180|           1.46601e+114|           9.25753e+113
      181|           -2.5034e+114|          -1.57765e+114
      182|           4.25163e+114|           2.67399e+114
      183|          -7.18171e+114|          -4.50772e+114
      184|           1.20659e+115|           7.55815e+114
      185|          -2.01633e+115|          -1.26051e+115
      186|           3.35156e+115|           2.09105e+115
      187|          -5.54152e+115|          -3.45047e+115
      188|           9.11421e+115|           5.66374e+115
      189|          -1.49118e+116|          -9.24805e+115
      190|           2.42702e+116|           1.50221e+116
      191|           -3.9297e+116|          -2.42749e+116
      192|           6.32997e+116|           3.90248e+116
      193|          -1.01441e+117|          -6.24157e+116
      194|           1.61733e+117|           9.93177e+116
      195|          -2.56554e+117|          -1.57236e+117
      196|           4.04909e+117|           2.47673e+117
      197|          -6.35841e+117|          -3.88168e+117
      198|           9.93489e+117|           6.05321e+117
      199|          -1.54458e+118|          -9.39264e+117
      200|           2.38949e+118|           1.45023e+118
      201|          -3.67836e+118|          -2.22813e+118
      202|           5.63467e+118|           3.40654e+118
      203|          -8.58933e+118|          -5.18279e+118
      204|           1.30298e+119|           7.84698e+118
      205|          -1.96703e+119|          -1.18233e+119
      206|           2.95524e+119|           1.77291e+119
      207|          -4.41867e+119|          -2.64576e+119
      208|           6.57533e+119|           3.92957e+119
      209|          -9.73824e+119|          -5.80867e+119
      210|           1.43545e+120|           8.54588e+119
      211|          -2.10598e+120|           -1.2514e+120
      212|           3.07529e+120|            1.8239e+120
      213|          -4.46986e+120|          -2.64596e+120
      214|           6.46673e+120|           3.82078e+120
      215|          -9.31259e+120|          -5.49182e+120
      216|           1.33493e+121|           7.85752e+120
      217|          -1.90485e+121|           -1.1191e+121
      218|           2.70573e+121|           1.58663e+121
      219|          -3.82593e+121|           -2.2393e+121
      220|           5.38555e+121|           3.14624e+121
      221|          -7.54693e+121|          -4.40069e+121
      222|           1.05285e+122|           6.12785e+121
      223|          -1.46228e+122|          -8.49498e+121
      224|           2.02194e+122|           1.17244e+122
      225|          -2.78348e+122|          -1.61104e+122
      226|           3.81504e+122|             2.204e+122
      227|          -5.20607e+122|          -3.00206e+122
      228|           7.07339e+122|           4.07133e+122
      229|           -9.5689e+122|          -5.49756e+122
      230|            1.2889e+123|           7.39145e+122
      231|          -1.72866e+123|          -9.89516e+122
      232|           2.30855e+123|           1.31904e+123
      233|          -3.06986e+123|          -1.75082e+123
      234|           4.06492e+123|            2.3141e+123
      235|          -5.35982e+123|          -3.04572e+123
      236|           7.03752e+123|            3.9918e+123
      237|          -9.20169e+123|          -5.20989e+123
      238|           1.19813e+124|           6.77137e+123
      239|          -1.55357e+124|          -8.76436e+123
      240|           2.00615e+124|           1.12971e+124
      241|           -2.5799e+124|          -1.45019e+124
      242|           3.30415e+124|           1.85396e+124
      243|          -4.21444e+124|          -2.36048e+124
      244|           5.35366e+124|           2.99318e+124
      245|           -6.7733e+124|          -3.78012e+124
      246|           8.53484e+124|           4.75472e+124
      247|          -1.07113e+125|          -5.95659e+124
      248|            1.3389e+125|           7.43244e+124
      249|          -1.66695e+125|          -9.23703e+124
      250|           2.06713e+125|           1.14343e+125
      251|          -2.55325e+125|          -1.40983e+125
      252|           3.14128e+125|           1.73145e+125
      253|          -3.84958e+125|          -2.11812e+125
      254|           4.69916e+125|           2.58103e+125
      255|          -5.71391e+125|          -3.13288e+125
      256|           6.92087e+125|           3.78799e+125
      257|          -8.35041e+125|          -4.56242e+125
      258|           1.00365e+126|           5.47405e+125
      259|          -1.20168e+126|          -6.54271e+125
      260|           1.43329e+126|           7.79016e+125
      261|          -1.70304e+126|          -9.24021e+125
      262|           2.01589e+126|           1.09187e+126
      263|          -2.37721e+126|          -1.28534e+126
      264|           2.79276e+126|           1.50742e+126
      265|          -3.26865e+126|          -1.76124e+126
      266|           3.81137e+126|           2.05013e+126
      267|          -4.42768e+126|          -2.37755e+126
      268|           5.12459e+126|           2.74705e+126
      269|          -5.90931e+126|          -3.16227e+126
      270|           6.78915e+126|           3.62688e+126
      271|          -7.77141e+126|          -4.14453e+126
      272|           8.86331e+126|           4.71879e+126
      273|          -1.00719e+127|          -5.35309e+126
      274|           1.14038e+127|           6.05068e+126
      275|          -1.28652e+127|           -6.8145e+126
      276|           1.44617e+127|           7.64717e+126
      277|           -1.6198e+127|          -8.55084e+126
      278|            1.8078e+127|           9.52717e+126
      279|          -2.01044e+127|          -1.05772e+127
      280|           2.22787e+127|           1.17014e+127
      281|          -2.46009e+127|          -1.28994e+127
      282|           2.70695e+127|             1.417e+127
      283|          -2.96812e+127|          -1.55112e+127
      284|           3.24312e+127|             1.692e+127
      285|          -3.53125e+127|          -1.83925e+127
      286|           3.83163e+127|           1.99238e+127
      287|          -4.14318e+127|           -2.1508e+127
      288|            4.4646e+127|           2.31381e+127
      289|          -4.79443e+127|          -2.48063e+127
      290|             5.131e+127|           2.65037e+127
      291|          -5.47245e+127|          -2.82208e+127
      292|           5.81677e+127|           2.99469e+127
      293|           -6.1618e+127|           -3.1671e+127
      294|           6.50524e+127|           3.33813e+127
      295|           -6.8447e+127|          -3.50656e+127
      296|            7.1777e+127|           3.67114e+127
      297|          -7.50174e+127|           -3.8306e+127
      298|           7.81427e+127|           3.98367e+127
      299|          -8.11277e+127|          -4.12911e+127
      300|            8.3948e+127|           4.26569e+127
      301|          -8.65795e+127|          -4.39226e+127
      302|           8.89998e+127|           4.50772e+127
      303|          -9.11879e+127|          -4.61106e+127
      304|           9.31244e+127|           4.70137e+127
      305|          -9.47922e+127|          -4.77785e+127
      306|           9.61766e+127|           4.83982e+127
      307|          -9.72655e+127|          -4.88674e+127
      308|           9.80494e+127|            4.9182e+127
      309|          -9.85218e+127|          -4.93397e+127
      310|           9.86792e+127|           4.93394e+127
      311|           -9.8521e+127|          -4.91816e+127
      312|           9.80499e+127|           4.88683e+127
      313|          -9.72712e+127|          -4.84029e+127
      314|           9.61934e+127|           4.77904e+127
      315|          -9.48274e+127|          -4.70369e+127
      316|           9.31868e+127|           4.61499e+127
      317|          -9.12876e+127|          -4.51377e+127
      318|           8.91476e+127|           4.40099e+127
      319|          -8.67866e+127|          -4.27767e+127
      320|           8.42257e+127|            4.1449e+127
      321|          -8.14873e+127|          -4.00383e+127
      322|           7.85946e+127|           3.85563e+127
      323|          -7.55714e+127|          -3.70151e+127
      324|           7.24416e+127|           3.54265e+127
      325|           -6.9229e+127|          -3.38025e+127
      326|           6.59572e+127|           3.21547e+127
      327|           -6.2649e+127|          -3.04943e+127
      328|           5.93265e+127|           2.88321e+127
      329|          -5.60104e+127|          -2.71782e+127
      330|           5.27204e+127|           2.55421e+127
      331|          -4.94746e+127|          -2.39325e+127
      332|           4.62896e+127|           2.23572e+127
      333|          -4.31804e+127|          -2.08233e+127
      334|           4.01602e+127|           1.93369e+127
      335|          -3.72404e+127|          -1.79034e+127
      336|           3.44307e+127|           1.65272e+127
      337|           -3.1739e+127|          -1.52118e+127
      338|           2.91718e+127|             1.396e+127
      339|          -2.67336e+127|          -1.27736e+127
      340|           2.44275e+127|           1.16539e+127
      341|          -2.22553e+127|          -1.06014e+127
      342|           2.02173e+127|            9.6159e+126
      343|          -1.83127e+127|          -8.69677e+126
      344|           1.65396e+127|           7.84279e+126
      345|          -1.48951e+127|          -7.05229e+126
      346|           1.33755e+127|           6.32326e+126
      347|          -1.19766e+127|          -5.65336e+126
      348|           1.06934e+127|           5.04001e+126
      349|          -9.52041e+126|          -4.48041e+126
      350|           8.45204e+126|           3.97163e+126
      351|           -7.4823e+126|          -3.51067e+126
      352|           6.60511e+126|           3.09444e+126
      353|          -5.81433e+126|          -2.71989e+126
      354|           5.10385e+126|           2.38396e+126
      355|          -4.46764e+126|          -2.08368e+126
      356|           3.89981e+126|           1.81613e+126
      357|          -3.39467e+126|          -1.57854e+126
      358|           2.94675e+126|           1.36821e+126
      359|          -2.55085e+126|          -1.18263e+126
      360|           2.20204e+126|            1.0194e+126
      361|          -1.89568e+126|          -8.76282e+125
      362|           1.62747e+126|           7.51188e+125
      363|          -1.39338e+126|          -6.42189e+125
      364|            1.1897e+126|           5.47507e+125
      365|          -1.01302e+126|          -4.65514e+125
      366|           8.60238e+125|           3.94725e+125
      367|          -7.28519e+125|          -3.33794e+125
      368|           6.15301e+125|           2.81507e+125
      369|          -5.18277e+125|           -2.3677e+125
      370|           4.35379e+125|           1.98609e+125
      371|           -3.6476e+125|          -1.66151e+125
      372|           3.04778e+125|           1.38627e+125
      373|          -2.53981e+125|          -1.15354e+125
      374|           2.11087e+125|           9.57331e+124
      375|          -1.74972e+125|           -7.9239e+124
      376|           1.44652e+125|           6.54134e+124
      377|          -1.19271e+125|          -5.38577e+124
      378|           9.80844e+124|           4.42267e+124
      379|          -8.04495e+124|          -3.62228e+124
      380|           6.58125e+124|           2.95897e+124
      381|           -5.3698e+124|          -2.41083e+124
      382|           4.36994e+124|           1.95911e+124
      383|          -3.54702e+124|          -1.58791e+124
      384|           2.87161e+124|            1.2837e+124
      385|           -2.3188e+124|          -1.03509e+124
      386|           1.86758e+124|           8.32485e+123
      387|           -1.5003e+124|          -6.67815e+123
      388|           1.20216e+124|           5.34345e+123
      389|          -9.60802e+123|          -4.26457e+123
      390|           7.65943e+123|           3.39486e+123
      391|           -6.0905e+123|          -2.69564e+123
      392|           4.83064e+123|           2.13501e+123
      393|           -3.8217e+123|          -1.68669e+123
      394|           3.01585e+123|           1.32916e+123
      395|          -2.37393e+123|          -1.04477e+123
      396|           1.86395e+123|           8.19174e+122
      397|          -1.45985e+123|           -6.4068e+122
      398|           1.14051e+123|           4.99827e+122
      399|          -8.88797e+122|          -3.88969e+122
      400|           6.90916e+122|           3.01946e+122
      401|          -5.35758e+122|          -2.33812e+122
      402|           4.14415e+122|           1.80604e+122
      403|          -3.19764e+122|           -1.3916e+122
      404|           2.46123e+122|           1.06963e+122
      405|          -1.88976e+122|          -8.20131e+121
      406|           1.44742e+122|           6.27291e+121
      407|          -1.10591e+122|          -4.78621e+121
      408|           8.42918e+121|           3.64297e+121
      409|          -6.40903e+121|          -2.76606e+121
      410|            4.8612e+121|           2.09514e+121
      411|          -3.67826e+121|          -1.58312e+121
      412|           2.77646e+121|           1.19334e+121
      413|           -2.0907e+121|          -8.97361e+120
      414|           1.57053e+121|           6.73172e+120
      415|          -1.17695e+121|          -5.03783e+120
      416|           8.79898e+120|           3.76115e+120
      417|          -6.56247e+120|          -2.80131e+120
      418|           4.88277e+120|           2.08146e+120
      419|          -3.62438e+120|          -1.54292e+120
      420|           2.68392e+120|             1.141e+120
      421|           -1.9828e+120|          -8.41792e+119
      422|           1.46137e+120|           6.19581e+119
      423|          -1.07454e+120|          -4.54955e+119
      424|           7.88243e+119|           3.33288e+119
      425|          -5.76874e+119|          -2.43586e+119
      426|           4.21198e+119|           1.77611e+119
      427|          -3.06816e+119|          -1.29204e+119
      428|           2.22976e+119|           9.37717e+118
      429|           -1.6167e+119|          -6.78984e+118
      430|           1.16949e+119|           4.90502e+118
      431|          -8.44026e+118|          -3.53524e+118
      432|           6.07736e+118|           2.54212e+118
      433|          -4.36591e+118|          -1.82379e+118
      434|           3.12922e+118|           1.30544e+118
      435|          -2.23771e+118|          -9.32277e+117
      436|           1.59654e+118|            6.6426e+117
      437|          -1.13648e+118|          -4.72224e+117
      438|            8.0716e+117|           3.34936e+117
      439|          -5.71966e+117|           -2.3703e+117
      440|           4.04386e+117|           1.67357e+117
      441|          -2.85261e+117|          -1.17904e+117
      442|           2.00774e+117|           8.28703e+116
      443|          -1.40993e+117|          -5.81224e+116
      444|           9.87895e+116|           4.06671e+116
      445|          -6.90641e+116|           -2.8397e+116
      446|           4.81751e+116|           1.97782e+116
      447|          -3.35294e+116|          -1.37512e+116
      448|           2.32842e+116|           9.53301e+115
      449|          -1.61337e+116|           -6.6007e+115
      450|           1.11544e+116|           4.55366e+115
      451|          -7.69477e+115|          -3.14111e+115
      452|            5.2965e+115|           2.15539e+115
      453|           -3.6377e+115|           -1.4823e+115
      454|           2.49293e+115|           1.01063e+115
      455|          -1.70468e+115|          -6.94053e+114
      456|           1.16313e+115|           4.69073e+114
      457|          -7.91887e+114|          -3.22814e+114
      458|           5.37965e+114|           2.15151e+114
      459|          -3.64672e+114|          -1.49521e+114
      460|           2.46666e+114|           9.71453e+113
      461|          -1.66486e+114|          -6.93405e+113
      462|           1.12127e+114|            4.2786e+113
      463|          -7.53537e+113|          -3.25677e+113
      464|           5.05321e+113|           1.79644e+113
      465|          -3.38142e+113|          -1.58498e+113
      466|           2.25789e+113|            6.7291e+112
      467|          -1.50445e+113|          -8.31545e+112
      468|            1.0003e+113|           1.68755e+112
      469|          -6.63679e+112|          -4.94924e+112
      470|           4.39405e+112|          -5.55187e+111
      471|          -2.90304e+112|          -3.45823e+112
      472|           1.91392e+112|          -1.54431e+112
      473|          -1.25916e+112|          -2.80346e+112
      474|            8.2665e+111|          -1.97681e+112
      475|          -5.41567e+111|          -2.51838e+112
      476|           3.54057e+111|          -2.16432e+112
      477|          -2.30987e+111|          -2.39531e+112
      478|           1.50382e+111|          -2.24493e+112
      479|           -9.7701e+110|          -2.34263e+112
      480|           6.33433e+110|          -2.27929e+112
      481|          -4.09829e+110|          -2.32027e+112
      482|            2.6461e+110|          -2.29381e+112
      483|          -1.70496e+110|          -2.31086e+112
      484|           1.09629e+110|          -2.29989e+112
      485|          -7.03472e+109|          -2.30693e+112
      486|           4.50481e+109|          -2.30242e+112
      487|          -2.87883e+109|           -2.3053e+112
      488|           1.83599e+109|          -2.30347e+112
      489|          -1.16852e+109|          -2.30464e+112
      490|             7.422e+108|          -2.30389e+112
      491|          -4.70461e+108|          -2.30436e+112
      492|           2.97609e+108|          -2.30407e+112
      493|          -1.87884e+108|          -2.30425e+112
      494|           1.18374e+108|          -2.30414e+112
      495|          -7.44303e+107|          -2.30421e+112
      496|           4.67057e+107|          -2.30416e+112
      497|          -2.92495e+107|          -2.30419e+112
      498|           1.82809e+107|          -2.30417e+112
      499|          -1.14027e+107|          -2.30419e+112
      500|            7.0983e+106|          -2.30418e+112
      501|          -4.40997e+106|          -2.30418e+112
      502|           2.73435e+106|          -2.30418e+112
      503|          -1.69204e+106|          -2.30418e+112
      504|           1.04499e+106|          -2.30418e+112
      505|          -6.44097e+105|          -2.30418e+112
      506|           3.96221e+105|          -2.30418e+112
      507|          -2.43259e+105|          -2.30418e+112
      508|           1.49055e+105|          -2.30418e+112
      509|           -9.1154e+104|          -2.30418e+112
      510|           5.56359e+104|          -2.30418e+112
      511|          -3.38912e+104|          -2.30418e+112
      512|            2.0605e+104|          -2.30418e+112
      513|           -1.2503e+104|          -2.30418e+112
      514|           7.57206e+103|          -2.30418e+112
      515|          -4.57692e+103|          -2.30418e+112
      516|           2.76117e+103|          -2.30418e+112
      517|          -1.66255e+103|          -2.30418e+112
      518|           9.99126e+102|          -2.30418e+112
      519|          -5.99283e+102|          -2.30418e+112
      520|           3.58765e+102|          -2.30418e+112
      521|          -2.14367e+102|          -2.30418e+112
      522|           1.27843e+102|          -2.30418e+112
      523|          -7.60967e+101|          -2.30418e+112
      524|           4.52095e+101|          -2.30418e+112
      525|          -2.68082e+101|          -2.30418e+112
      526|           1.58666e+101|          -2.30418e+112
      527|          -9.37296e+100|          -2.30418e+112
      528|            5.5265e+100|          -2.30418e+112
      529|          -3.25241e+100|          -2.30418e+112
      530|           1.91048e+100|          -2.30418e+112
      531|          -1.12012e+100|          -2.30418e+112
      532|              6.555e+99|          -2.30418e+112
      533|           -3.82885e+99|          -2.30418e+112
      534|             2.2323e+99|          -2.30418e+112
      535|           -1.29905e+99|          -2.30418e+112
      536|            7.54561e+98|          -2.30418e+112
      537|           -4.37477e+98|          -2.30418e+112
      538|            2.53169e+98|          -2.30418e+112
      539|           -1.46239e+98|          -2.30418e+112
      540|            8.43165e+97|          -2.30418e+112
      541|           -4.85246e+97|          -2.30418e+112
      542|            2.78748e+97|          -2.30418e+112
      543|           -1.59833e+97|          -2.30418e+112
      544|            9.14791e+96|          -2.30418e+112
      545|           -5.22617e+96|          -2.30418e+112
      546|            2.98025e+96|          -2.30418e+112
      547|            -1.6964e+96|          -2.30418e+112
      548|            9.63865e+95|          -2.30418e+112
      549|           -5.46656e+95|          -2.30418e+112
      550|            3.09474e+95|          -2.30418e+112
      551|           -1.74883e+95|          -2.30418e+112
      552|            9.86479e+94|          -2.30418e+112
      553|           -5.55449e+94|          -2.30418e+112
      554|             3.1219e+94|          -2.30418e+112
      555|           -1.75151e+94|          -2.30418e+112
      556|            9.80907e+93|          -2.30418e+112
      557|           -5.48359e+93|          -2.30418e+112
      558|            3.06004e+93|          -2.30418e+112
      559|           -1.70456e+93|          -2.30418e+112
      560|            9.47821e+92|          -2.30418e+112
      561|           -5.26099e+92|          -2.30418e+112
      562|            2.91499e+92|          -2.30418e+112
      563|           -1.61227e+92|          -2.30418e+112
      564|            8.90166e+91|          -2.30418e+112
      565|           -4.90611e+91|          -2.30418e+112
      566|            2.69922e+91|          -2.30418e+112
      567|           -1.48243e+91|          -2.30418e+112
      568|            8.12737e+90|          -2.30418e+112
      569|           -4.44798e+90|          -2.30418e+112
      570|            2.43006e+90|          -2.30418e+112
      571|           -1.32529e+90|          -2.30418e+112
      572|            7.21521e+89|          -2.30418e+112
      573|            -3.9213e+89|          -2.30418e+112
      574|            2.12744e+89|          -2.30418e+112
      575|           -1.15221e+89|          -2.30418e+112
      576|            6.22949e+88|          -2.30418e+112
      577|            -3.3622e+88|          -2.30418e+112
      578|            1.81153e+88|          -2.30418e+112
      579|           -9.74356e+87|          -2.30418e+112
      580|            5.23172e+87|          -2.30418e+112
      581|            -2.8043e+87|          -2.30418e+112
      582|            1.50059e+87|          -2.30418e+112
      583|           -8.01595e+86|          -2.30418e+112
      584|            4.27471e+86|          -2.30418e+112
      585|           -2.27572e+86|          -2.30418e+112
      586|            1.20946e+86|          -2.30418e+112
      587|           -6.41688e+85|          -2.30418e+112
      588|            3.39877e+85|          -2.30418e+112
      589|           -1.79715e+85|          -2.30418e+112
      590|            9.48661e+84|          -2.30418e+112
      591|           -4.99926e+84|          -2.30418e+112
      592|            2.63008e+84|          -2.30418e+112
      593|           -1.38134e+84|          -2.30418e+112
      594|            7.24277e+83|          -2.30418e+112
      595|           -3.79122e+83|          -2.30418e+112
      596|             1.9812e+83|          -2.30418e+112
      597|           -1.03359e+83|          -2.30418e+112
      598|             5.3833e+82|          -2.30418e+112
      599|           -2.79913e+82|          -2.30418e+112
      600|            1.45304e+82|          -2.30418e+112
      601|           -7.53023e+81|          -2.30418e+112
      602|            3.89602e+81|          -2.30418e+112
      603|            -2.0124e+81|          -2.30418e+112
      604|            1.03775e+81|          -2.30418e+112
      605|            -5.3426e+80|          -2.30418e+112
      606|            2.74599e+80|          -2.30418e+112
      607|           -1.40906e+80|          -2.30418e+112
      608|            7.21855e+79|          -2.30418e+112
      609|           -3.69197e+79|          -2.30418e+112
      610|             1.8852e+79|          -2.30418e+112
      611|           -9.61049e+78|          -2.30418e+112
      612|            4.89132e+78|          -2.30418e+112
      613|           -2.48543e+78|          -2.30418e+112
      614|            1.26087e+78|          -2.30418e+112
      615|           -6.38607e+77|          -2.30418e+112
      616|             3.2292e+77|          -2.30418e+112
      617|           -1.63025e+77|          -2.30418e+112
      618|            8.21696e+76|          -2.30418e+112
      619|           -4.13494e+76|          -2.30418e+112
      620|            2.07744e+76|          -2.30418e+112
      621|           -1.04205e+76|          -2.30418e+112
      622|            5.21861e+75|          -2.30418e+112
      623|            -2.6093e+75|          -2.30418e+112
      624|            1.30256e+75|          -2.30418e+112
      625|           -6.49204e+74|          -2.30418e+112
      626|            3.23051e+74|          -2.30418e+112
      627|           -1.60498e+74|          -2.30418e+112
      628|             7.9612e+73|          -2.30418e+112
      629|           -3.94275e+73|          -2.30418e+112
      630|            1.94954e+73|          -2.30418e+112
      631|           -9.62447e+72|          -2.30418e+112
      632|            4.74392e+72|          -2.30418e+112
      633|            -2.3346e+72|          -2.30418e+112
      634|            1.14711e+72|          -2.30418e+112
      635|            -5.6275e+71|          -2.30418e+112
      636|            2.75641e+71|          -2.30418e+112
      637|           -1.34801e+71|          -2.30418e+112
      638|            6.58207e+70|          -2.30418e+112
      639|           -3.20888e+70|          -2.30418e+112
      640|            1.56195e+70|          -2.30418e+112
      641|           -7.59114e+69|          -2.30418e+112
      642|            3.68358e+69|          -2.30418e+112
      643|           -1.78468e+69|          -2.30418e+112
      644|            8.63331e+68|          -2.30418e+112
      645|           -4.16987e+68|          -2.30418e+112
      646|            2.01093e+68|          -2.30418e+112
      647|           -9.68282e+67|          -2.30418e+112
      648|            4.65519e+67|          -2.30418e+112
      649|           -2.23463e+67|          -2.30418e+112
      650|            1.07105e+67|          -2.30418e+112
      651|            -5.1256e+66|          -2.30418e+112
      652|            2.44916e+66|          -2.30418e+112
      653|           -1.16849e+66|          -2.30418e+112
      654|            5.56635e+65|          -2.30418e+112
      655|           -2.64761e+65|          -2.30418e+112
      656|            1.25741e+65|          -2.30418e+112
      657|           -5.96269e+64|          -2.30418e+112
      658|            2.82324e+64|          -2.30418e+112
      659|           -1.33474e+64|          -2.30418e+112
      660|            6.30068e+63|          -2.30418e+112
      661|           -2.96977e+63|          -2.30418e+112
      662|            1.39767e+63|          -2.30418e+112
      663|           -6.56799e+62|          -2.30418e+112
      664|            3.08182e+62|          -2.30418e+112
      665|           -1.44388e+62|          -2.30418e+112
      666|            6.75468e+61|          -2.30418e+112
      667|           -3.15521e+61|          -2.30418e+112
      668|            1.47164e+61|          -2.30418e+112
      669|           -6.85378e+60|          -2.30418e+112
      670|            3.18721e+60|          -2.30418e+112
      671|           -1.47994e+60|          -2.30418e+112
      672|            6.86174e+59|          -2.30418e+112
      673|           -3.17673e+59|          -2.30418e+112
      674|            1.46853e+59|          -2.30418e+112
      675|           -6.77866e+58|          -2.30418e+112
      676|            3.12438e+58|          -2.30418e+112
      677|           -1.43795e+58|          -2.30418e+112
      678|            6.60821e+57|          -2.30418e+112
      679|            -3.0324e+57|          -2.30418e+112
      680|            1.38948e+57|          -2.30418e+112
      681|           -6.35741e+56|          -2.30418e+112
      682|            2.90452e+56|          -2.30418e+112
      683|           -1.32505e+56|          -2.30418e+112
      684|            6.03613e+55|          -2.30418e+112
      685|           -2.74569e+55|          -2.30418e+112
      686|            1.24713e+55|          -2.30418e+112
      687|           -5.65643e+54|          -2.30418e+112
      688|            2.56179e+54|          -2.30418e+112
      689|           -1.15855e+54|          -2.30418e+112
      690|            5.23188e+53|          -2.30418e+112
      691|           -2.35925e+53|          -2.30418e+112
      692|            1.06234e+53|          -2.30418e+112
      693|           -4.77672e+52|          -2.30418e+112
      694|            2.14472e+52|          -2.30418e+112
      695|           -9.61582e+51|          -2.30418e+112
      696|            4.30507e+51|          -2.30418e+112
      697|           -1.92466e+51|          -2.30418e+112
      698|             8.5922e+50|          -2.30418e+112
      699|           -3.83033e+50|          -2.30418e+112
      700|             1.7051e+50|          -2.30418e+112
      701|           -7.57954e+49|          -2.30418e+112
      702|            3.36449e+49|          -2.30418e+112
      703|           -1.49135e+49|          -2.30418e+112
      704|            6.60123e+48|          -2.30418e+112
      705|            -2.9178e+48|          -2.30418e+112
      706|            1.28787e+48|          -2.30418e+112
      707|           -5.67643e+47|          -2.30418e+112
      708|            2.49842e+47|          -2.30418e+112
      709|           -1.09811e+47|          -2.30418e+112
      710|            4.81965e+46|          -2.30418e+112
      711|            -2.1124e+46|          -2.30418e+112
      712|            9.24543e+45|          -2.30418e+112
      713|           -4.04083e+45|          -2.30418e+112
      714|            1.76363e+45|          -2.30418e+112
      715|           -7.68666e+44|          -2.30418e+112
      716|            3.34552e+44|          -2.30418e+112
      717|           -1.45406e+44|          -2.30418e+112
      718|            6.31104e+43|          -2.30418e+112
      719|           -2.73536e+43|          -2.30418e+112
      720|            1.18393e+43|          -2.30418e+112
      721|           -5.11728e+42|          -2.30418e+112
      722|            2.20877e+42|          -2.30418e+112
      723|           -9.52054e+41|          -2.30418e+112
      724|            4.09802e+41|          -2.30418e+112
      725|           -1.76153e+41|          -2.30418e+112
      726|             7.5615e+40|          -2.30418e+112
      727|           -3.24138e+40|          -2.30418e+112
      728|            1.38758e+40|          -2.30418e+112
      729|           -5.93183e+39|          -2.30418e+112
      730|            2.53237e+39|          -2.30418e+112
      731|           -1.07963e+39|          -2.30418e+112
      732|            4.59649e+38|          -2.30418e+112
      733|           -1.95429e+38|          -2.30418e+112
      734|            8.29776e+37|          -2.30418e+112
      735|           -3.51838e+37|          -2.30418e+112
      736|            1.48983e+37|          -2.30418e+112
      737|           -6.30001e+36|          -2.30418e+112
      738|            2.66048e+36|          -2.30418e+112
      739|           -1.12199e+36|          -2.30418e+112
      740|            4.72538e+35|          -2.30418e+112
      741|           -1.98745e+35|          -2.30418e+112
      742|            8.34784e+34|          -2.30418e+112
      743|           -3.50161e+34|          -2.30418e+112
      744|            1.46682e+34|          -2.30418e+112
      745|           -6.13631e+33|          -2.30418e+112
      746|            2.56363e+33|          -2.30418e+112
      747|            -1.0696e+33|          -2.30418e+112
      748|            4.45668e+32|          -2.30418e+112
      749|           -1.85448e+32|          -2.30418e+112
      750|            7.70642e+31|          -2.30418e+112
      751|           -3.19821e+31|          -2.30418e+112
      752|            1.32552e+31|          -2.30418e+112
      753|           -5.48641e+30|          -2.30418e+112
      754|            2.26786e+30|          -2.30418e+112
      755|           -9.36203e+29|          -2.30418e+112
      756|            3.85967e+29|          -2.30418e+112
      757|           -1.58913e+29|          -2.30418e+112
      758|            6.53423e+28|          -2.30418e+112
      759|           -2.68324e+28|          -2.30418e+112
      760|            1.10041e+28|          -2.30418e+112
      761|           -4.50691e+27|          -2.30418e+112
      762|            1.84347e+27|          -2.30418e+112
      763|            -7.5305e+26|          -2.30418e+112
      764|            3.07217e+26|          -2.30418e+112
      765|            -1.2517e+26|          -2.30418e+112
      766|            5.09316e+25|          -2.30418e+112
      767|           -2.06972e+25|          -2.30418e+112
      768|            8.39981e+24|          -2.30418e+112
      769|           -3.40459e+24|          -2.30418e+112
      770|            1.37815e+24|          -2.30418e+112
      771|           -5.57144e+23|          -2.30418e+112
      772|            2.24945e+23|          -2.30418e+112
      773|           -9.07035e+22|          -2.30418e+112
      774|            3.65268e+22|          -2.30418e+112
      775|           -1.46906e+22|          -2.30418e+112
      776|             5.9008e+21|          -2.30418e+112
      777|           -2.36713e+21|          -2.30418e+112
      778|             9.4837e+20|          -2.30418e+112
      779|           -3.79469e+20|          -2.30418e+112
      780|            1.51642e+20|          -2.30418e+112
      781|           -6.05212e+19|          -2.30418e+112
      782|            2.41235e+19|          -2.30418e+112
      783|           -9.60331e+18|          -2.30418e+112
      784|            3.81811e+18|          -2.30418e+112
      785|           -1.51608e+18|          -2.30418e+112
      786|            6.01238e+17|          -2.30418e+112
      787|           -2.38133e+17|          -2.30418e+112
      788|             9.4198e+16|          -2.30418e+112
      789|           -3.72147e+16|          -2.30418e+112
      790|            1.46838e+16|          -2.30418e+112
      791|            -5.7865e+15|          -2.30418e+112
      792|            2.27743e+15|          -2.30418e+112
      793|           -8.95216e+14|          -2.30418e+112
      794|            3.51451e+14|          -2.30418e+112
      795|           -1.37802e+14|          -2.30418e+112
      796|            5.39638e+13|          -2.30418e+112
      797|            -2.1106e+13|          -2.30418e+112
      798|            8.24451e+12|          -2.30418e+112
      799|           -3.21649e+12|          -2.30418e+112
      800|            1.25331e+12|          -2.30418e+112
      801|           -4.87744e+11|          -2.30418e+112
      802|            1.89577e+11|          -2.30418e+112
      803|           -7.35934e+10|          -2.30418e+112
      804|            2.85334e+10|          -2.30418e+112
      805|           -1.10492e+10|          -2.30418e+112
      806|            4.27335e+09|          -2.30418e+112
      807|            -1.6507e+09|          -2.30418e+112
      808|            6.36845e+08|          -2.30418e+112
      809|           -2.45393e+08|          -2.30418e+112
      810|            9.44401e+07|          -2.30418e+112
      811|           -3.63008e+07|          -2.30418e+112
      812|            1.39361e+07|          -2.30418e+112
      813|           -5.34359e+06|          -2.30418e+112
      814|            2.04641e+06|          -2.30418e+112
      815|                -782745|          -2.30418e+112
      816|                 299031|          -2.30418e+112
      817|                -114099|          -2.30418e+112
      818|                43482.9|          -2.30418e+112
      819|                 -16551|          -2.30418e+112
      820|                 6292.2|          -2.30418e+112
      821|                -2389.2|          -2.30418e+112
      822|                906.098|          -2.30418e+112
      823|               -343.219|          -2.30418e+112
      824|                 129.85|          -2.30418e+112
      825|               -49.0665|          -2.30418e+112
      826|                18.5184|          -2.30418e+112
      827|                -6.9807|          -2.30418e+112
      828|                2.62828|          -2.30418e+112
      829|               -0.98837|          -2.30418e+112
      830|               0.371232|          -2.30418e+112
      831|              -0.139268|          -2.30418e+112
      832|              0.0521836|          -2.30418e+112
      833|             -0.0195298|          -2.30418e+112
      834|              0.0073003|          -2.30418e+112
      835|            -0.00272562|          -2.30418e+112
      836|             0.00101641|          -2.30418e+112
      837|           -0.000378581|          -2.30418e+112
      838|            0.000140841|          -2.30418e+112
      839|           -5.23339e-05|          -2.30418e+112
      840|            1.94232e-05|          -2.30418e+112
      841|           -7.20017e-06|          -2.30418e+112
      842|            2.66594e-06|          -2.30418e+112
      843|           -9.85923e-07|          -2.30418e+112
      844|            3.64185e-07|          -2.30418e+112
      845|           -1.34366e-07|          -2.30418e+112
      846|            4.95156e-08|          -2.30418e+112
      847|           -1.82257e-08|          -2.30418e+112
      848|            6.70062e-09|          -2.30418e+112
      849|           -2.46057e-09|          -2.30418e+112
      850|            9.02496e-10|          -2.30418e+112
      851|           -3.30633e-10|          -2.30418e+112
      852|            1.20987e-10|          -2.30418e+112
      853|           -4.42203e-11|          -2.30418e+112
      854|            1.61435e-11|          -2.30418e+112
      855|           -5.88663e-12|          -2.30418e+112
      856|            2.14402e-12|          -2.30418e+112
      857|           -7.79984e-13|          -2.30418e+112
      858|            2.83424e-13|          -2.30418e+112
      859|           -1.02869e-13|          -2.30418e+112
      860|            3.72929e-14|          -2.30418e+112
      861|           -1.35041e-14|          -2.30418e+112
      862|            4.88428e-15|          -2.30418e+112
      863|           -1.76455e-15|          -2.30418e+112
      864|            6.36746e-16|          -2.30418e+112
      865|           -2.29507e-16|          -2.30418e+112
      866|            8.26279e-17|          -2.30418e+112
      867|           -2.97137e-17|          -2.30418e+112
      868|             1.0673e-17|          -2.30418e+112
      869|            -3.8293e-18|          -2.30418e+112
      870|            1.37231e-18|          -2.30418e+112
      871|           -4.91233e-19|          -2.30418e+112
      872|            1.75641e-19|          -2.30418e+112
      873|           -6.27289e-20|          -2.30418e+112
      874|            2.23776e-20|          -2.30418e+112
      875|           -7.97376e-21|          -2.30418e+112
      876|            2.83804e-21|          -2.30418e+112
      877|           -1.00897e-21|          -2.30418e+112
      878|              3.583e-22|          -2.30418e+112
      879|           -1.27093e-22|          -2.30418e+112
First EPS-locality occurence is attained at n = 879
